2D 3DOF Simulation


Altitude (m): 10.0
Velocity (m/s): 200.0
Eigenvalues : (array([[[-1.00033145+0.j, -1.00664889+0.j, -1.00001904+0.j],
        [-0.99999945+0.j, -0.99998333+0.j, -1.00316479+0.j]],

       [[ 1.        +0.j,  1.        +0.j,  1.        +0.j],
        [ 0.        +0.j,  0.        +0.j,  0.        +0.j]]]), array([[[[ 9.99999979e-01+0.j, -7.97107970e-07+0.j,
           3.02889987e-04-0.j],
         [-1.99767959e-04+0.j, -3.97521819e-07+0.j,
           9.99999954e-01+0.j],
         [ 3.69047065e-05-0.j,  1.00000000e+00+0.j,
           4.52570466e-06-0.j]],

        [[-4.67863601e-01+0.j,  3.12915592e-04-0.j,
          -2.33806202e-03+0.j],
         [-6.69336610e-05+0.j,  5.39791590e-07-0.j,
           9.99990979e-01+0.j],
         [ 8.83800683e-01+0.j,  9.99999951e-01+0.j,
          -3.54606179e-03+0.j]]],


       [[[ 1.00000000e+00+0.j,  0.00000000e+00+0.j,
           0.00000000e+00+0.j],
         [ 0.00000000e+00+0.j,  1.00000000e+00+0.j,
           0.00000000e+00+0.j],
         [ 0.00000000e+00+0.j,  0.00000000e+00+0.j,
           1.00000000e+00+0.j]],

        [[ 1.00000000e+00+0.j,  0.00000000e+00+0.j,
           0.00000000e+00+0.j],
         [ 0.00000000e+00+0.j,  1.00000000e+00+0.j,
           0.00000000e+00+0.j],
         [ 0.00000000e+00+0.j,  0.00000000e+00+0.j,
           1.00000000e+00+0.j]]]])) 

Velocity (m/s): 452.63157894736844
Eigenvalues : (array([[[-1.00075084+0.j, -1.01506853+0.j, -1.00004304+0.j],
        [-0.99999948+0.j, -0.99998329+0.j, -1.01620952+0.j]],

       [[ 1.        +0.j,  1.        +0.j,  1.        +0.j],
        [ 0.        +0.j,  0.        +0.j,  0.        +0.j]]]), array([[[[ 9.99999994e-01+0.j, -3.51710323e-07+0.j,
           2.02013637e-04-0.j],
         [-9.90192244e-05+0.j, -2.64588694e-07+0.j,
           9.99999980e-01+0.j],
         [ 3.64085208e-05-0.j,  1.00000000e+00+0.j,
           4.38492120e-06-0.j]],

        [[-1.03045333e-01+0.j,  3.12230726e-04-0.j,
          -2.32410149e-03+0.j],
         [-1.32683684e-05+0.j,  1.37502185e-07-0.j,
           9.99990959e-01+0.j],
         [ 9.94676661e-01+0.j,  9.99999951e-01+0.j,
          -3.56085020e-03+0.j]]],


       [[[ 1.00000000e+00+0.j,  0.00000000e+00+0.j,
           0.00000000e+00+0.j],
         [ 0.00000000e+00+0.j,  1.00000000e+00+0.j,
           0.00000000e+00+0.j],
         [ 0.00000000e+00+0.j,  0.00000000e+00+0.j,
           1.00000000e+00+0.j]],

        [[ 1.00000000e+00+0.j,  0.00000000e+00+0.j,
           0.00000000e+00+0.j],
         [ 0.00000000e+00+0.j,  1.00000000e+00+0.j,
           0.00000000e+00+0.j],
         [ 0.00000000e+00+0.j,  0.00000000e+00+0.j,
           1.00000000e+00+0.j]]]])) 

Velocity (m/s): 705.2631578947369
Eigenvalues : (array([[[-1.00117022+0.j, -1.02348818+0.j, -1.00006703+0.j],
        [-0.99999955+0.j, -0.99998323+0.j, -1.03935337+0.j]],

       [[ 1.        +0.j,  1.        +0.j,  1.        +0.j],
        [ 0.        +0.j,  0.        +0.j,  0.        +0.j]]]), array([[[[ 9.99999997e-01+0.j, -2.25633422e-07+0.j,
           1.73446705e-04-0.j],
         [-7.04884328e-05+0.j, -2.26958426e-07+0.j,
           9.99999985e-01+0.j],
         [ 3.62680625e-05-0.j,  1.00000000e+00+0.j,
           4.34508639e-06-0.j]],

        [[-4.27971809e-02+0.j,  3.11031662e-04-0.j,
          -2.32210928e-03+0.j],
         [-5.42347687e-06+0.j,  7.96867397e-08-0.j,
           9.99990956e-01+0.j],
         [ 9.99083781e-01+0.j,  9.99999952e-01+0.j,
          -3.56297043e-03+0.j]]],


       [[[ 1.00000000e+00+0.j,  0.00000000e+00+0.j,
           0.00000000e+00+0.j],
         [ 0.00000000e+00+0.j,  1.00000000e+00+0.j,
           0.00000000e+00+0.j],
         [ 0.00000000e+00+0.j,  0.00000000e+00+0.j,
           1.00000000e+00+0.j]],

        [[ 1.00000000e+00+0.j,  0.00000000e+00+0.j,
           0.00000000e+00+0.j],
         [ 0.00000000e+00+0.j,  1.00000000e+00+0.j,
           0.00000000e+00+0.j],
         [ 0.00000000e+00+0.j,  0.00000000e+00+0.j,
           1.00000000e+00+0.j]]]])) 

Velocity (m/s): 957.8947368421052
Eigenvalues : (array([[[-1.00158961+0.j, -1.03190782+0.j, -1.00009102+0.j],
        [-0.99998313+0.j, -0.99999963+0.j, -1.07259637+0.j]],

       [[ 1.        +0.j,  1.        +0.j,  1.        +0.j],
        [ 0.        +0.j,  0.        +0.j,  0.        +0.j]]]), array([[[[ 9.99999998e-01+0.j, -1.66093891e-07+0.j,
           1.59954154e-04-0.j],
         [-5.70129506e-05+0.j, -2.09187389e-07+0.j,
           9.99999987e-01+0.j],
         [ 3.62017306e-05-0.j,  1.00000000e+00+0.j,
           4.32627698e-06-0.j]],

        [[ 3.09342711e-04+0.j, -2.33415202e-02+0.j,
          -2.32147032e-03+0.j],
         [ 6.09650587e-08+0.j, -2.94279588e-06+0.j,
           9.99990956e-01+0.j],
         [ 9.99999952e-01+0.j,  9.99727550e-01+0.j,
          -3.56365096e-03+0.j]]],


       [[[ 1.00000000e+00+0.j,  0.00000000e+00+0.j,
           0.00000000e+00+0.j],
         [ 0.00000000e+00+0.j,  1.00000000e+00+0.j,
           0.00000000e+00+0.j],
         [ 0.00000000e+00+0.j,  0.00000000e+00+0.j,
           1.00000000e+00+0.j]],

        [[ 1.00000000e+00+0.j,  0.00000000e+00+0.j,
           0.00000000e+00+0.j],
         [ 0.00000000e+00+0.j,  1.00000000e+00+0.j,
           0.00000000e+00+0.j],
         [ 0.00000000e+00+0.j,  0.00000000e+00+0.j,
           1.00000000e+00+0.j]]]])) 

Velocity (m/s): 1210.5263157894738
Eigenvalues : (array([[[-1.00200899+0.j, -1.04032746+0.j, -1.00011502+0.j],
        [-0.999983  +0.j, -0.99999975+0.j, -1.11593851+0.j]],

       [[ 1.        +0.j,  1.        +0.j,  1.        +0.j],
        [ 0.        +0.j,  0.        +0.j,  0.        +0.j]]]), array([[[[ 9.99999998e-01+0.j, -1.31416072e-07+0.j,
           1.52095082e-04-0.j],
         [-4.91638215e-05+0.j, -1.98836878e-07+0.j,
           9.99999988e-01+0.j],
         [ 3.61630965e-05-0.j,  1.00000000e+00+0.j,
           4.31532247e-06-0.j]],

        [[ 3.07197224e-04+0.j, -1.47201187e-02+0.j,
          -2.32118755e-03+0.j],
         [ 5.25010022e-08+0.j, -1.85167819e-06+0.j,
           9.99990955e-01+0.j],
         [ 9.99999953e-01+0.j,  9.99891653e-01+0.j,
          -3.56395221e-03+0.j]]],


       [[[ 1.00000000e+00+0.j,  0.00000000e+00+0.j,
           0.00000000e+00+0.j],
         [ 0.00000000e+00+0.j,  1.00000000e+00+0.j,
           0.00000000e+00+0.j],
         [ 0.00000000e+00+0.j,  0.00000000e+00+0.j,
           1.00000000e+00+0.j]],

        [[ 1.00000000e+00+0.j,  0.00000000e+00+0.j,
           0.00000000e+00+0.j],
         [ 0.00000000e+00+0.j,  1.00000000e+00+0.j,
           0.00000000e+00+0.j],
         [ 0.00000000e+00+0.j,  0.00000000e+00+0.j,
           1.00000000e+00+0.j]]]])) 

Velocity (m/s): 1463.157894736842
Eigenvalues : (array([[[-1.00242838+0.j, -1.0487471 +0.j, -1.00013901+0.j],
        [-0.99998285+0.j, -0.99999989+0.j, -1.16937979+0.j]],

       [[ 1.        +0.j,  1.        +0.j,  1.        +0.j],
        [ 0.        +0.j,  0.        +0.j,  0.        +0.j]]]), array([[[[ 9.99999998e-01+0.j, -1.08717483e-07+0.j,
           1.46950654e-04-0.j],
         [-4.40259023e-05+0.j, -1.92061862e-07+0.j,
           9.99999989e-01+0.j],
         [ 3.61378081e-05-0.j,  1.00000000e+00+0.j,
           4.30815244e-06-0.j]],

        [[ 3.04635316e-04+0.j, -1.01610777e-02+0.j,
          -2.32103812e-03+0.j],
         [ 4.78472075e-08+0.j, -1.27670832e-06+0.j,
           9.99990955e-01+0.j],
         [ 9.99999954e-01+0.j,  9.99948375e-01+0.j,
          -3.56411144e-03+0.j]]],


       [[[ 1.00000000e+00+0.j,  0.00000000e+00+0.j,
           0.00000000e+00+0.j],
         [ 0.00000000e+00+0.j,  1.00000000e+00+0.j,
           0.00000000e+00+0.j],
         [ 0.00000000e+00+0.j,  0.00000000e+00+0.j,
           1.00000000e+00+0.j]],

        [[ 1.00000000e+00+0.j,  0.00000000e+00+0.j,
           0.00000000e+00+0.j],
         [ 0.00000000e+00+0.j,  1.00000000e+00+0.j,
           0.00000000e+00+0.j],
         [ 0.00000000e+00+0.j,  0.00000000e+00+0.j,
           1.00000000e+00+0.j]]]])) 

Velocity (m/s): 1715.7894736842104
Eigenvalues : (array([[[-1.00284776+0.j, -1.05716674+0.j, -1.00016301+0.j],
        [-0.99998267+0.j, -1.00000005+0.j, -1.2329202 +0.j]],

       [[ 1.        +0.j,  1.        +0.j,  1.        +0.j],
        [ 0.        +0.j,  0.        +0.j,  0.        +0.j]]]), array([[[[ 9.99999999e-01+0.j, -9.27051208e-08+0.j,
           1.43321493e-04-0.j],
         [-4.04013323e-05+0.j, -1.87282504e-07+0.j,
           9.99999990e-01+0.j],
         [ 3.61199689e-05-0.j,  1.00000000e+00+0.j,
           4.30309457e-06-0.j]],

        [[ 3.01701563e-04-0.j, -7.46118027e-03+0.j,
          -2.32094967e-03+0.j],
         [ 4.49138718e-08-0.j, -9.36864173e-07+0.j,
           9.99990955e-01+0.j],
         [ 9.99999954e-01+0.j,  9.99972165e-01+0.j,
          -3.56420568e-03+0.j]]],


       [[[ 1.00000000e+00+0.j,  0.00000000e+00+0.j,
           0.00000000e+00+0.j],
         [ 0.00000000e+00+0.j,  1.00000000e+00+0.j,
           0.00000000e+00+0.j],
         [ 0.00000000e+00+0.j,  0.00000000e+00+0.j,
           1.00000000e+00+0.j]],

        [[ 1.00000000e+00+0.j,  0.00000000e+00+0.j,
           0.00000000e+00+0.j],
         [ 0.00000000e+00+0.j,  1.00000000e+00+0.j,
           0.00000000e+00+0.j],
         [ 0.00000000e+00+0.j,  0.00000000e+00+0.j,
           1.00000000e+00+0.j]]]])) 

Velocity (m/s): 1968.421052631579
Eigenvalues : (array([[[-1.00326715+0.j, -1.06558638+0.j, -1.000187  +0.j],
        [-0.99998246+0.j, -1.00000023+0.j, -1.30655975+0.j]],

       [[ 1.        +0.j,  1.        +0.j,  1.        +0.j],
        [ 0.        +0.j,  0.        +0.j,  0.        +0.j]]]), array([[[[ 9.99999999e-01+0.j, -8.08039435e-08+0.j,
           1.40624065e-04-0.j],
         [-3.77073167e-05+0.j, -1.83730256e-07+0.j,
           9.99999990e-01+0.j],
         [ 3.61067098e-05-0.j,  1.00000000e+00+0.j,
           4.29933539e-06-0.j]],

        [[ 2.98443273e-04+0.j, -5.73086892e-03+0.j,
          -2.32089304e-03+0.j],
         [ 4.28613535e-08+0.j, -7.19320946e-07+0.j,
           9.99990955e-01+0.j],
         [ 9.99999955e-01+0.j,  9.99983578e-01+0.j,
          -3.56426602e-03+0.j]]],


       [[[ 1.00000000e+00+0.j,  0.00000000e+00+0.j,
           0.00000000e+00+0.j],
         [ 0.00000000e+00+0.j,  1.00000000e+00+0.j,
           0.00000000e+00+0.j],
         [ 0.00000000e+00+0.j,  0.00000000e+00+0.j,
           1.00000000e+00+0.j]],

        [[ 1.00000000e+00+0.j,  0.00000000e+00+0.j,
           0.00000000e+00+0.j],
         [ 0.00000000e+00+0.j,  1.00000000e+00+0.j,
           0.00000000e+00+0.j],
         [ 0.00000000e+00+0.j,  0.00000000e+00+0.j,
           1.00000000e+00+0.j]]]])) 

Velocity (m/s): 2221.0526315789475
Eigenvalues : (array([[[-1.00368653+0.j, -1.07400602+0.j, -1.00021099+0.j],
        [-0.99998224+0.j, -1.00000043+0.j, -1.39029844+0.j]],

       [[ 1.        +0.j,  1.        +0.j,  1.        +0.j],
        [ 0.        +0.j,  0.        +0.j,  0.        +0.j]]]), array([[[[ 9.99999999e-01+0.j, -7.16107622e-08+0.j,
           1.38540377e-04-0.j],
         [-3.56262649e-05+0.j, -1.80986284e-07+0.j,
           9.99999990e-01+0.j],
         [ 3.60964677e-05-0.j,  1.00000000e+00+0.j,
           4.29643163e-06-0.j]],

        [[ 2.94908347e-04+0.j, -4.55529351e-03+0.j,
          -2.32085461e-03+0.j],
         [ 4.13013663e-08+0.j, -5.71635347e-07+0.j,
           9.99990955e-01+0.j],
         [ 9.99999957e-01+0.j,  9.99989625e-01+0.j,
          -3.56430698e-03+0.j]]],


       [[[ 1.00000000e+00+0.j,  0.00000000e+00+0.j,
           0.00000000e+00+0.j],
         [ 0.00000000e+00+0.j,  1.00000000e+00+0.j,
           0.00000000e+00+0.j],
         [ 0.00000000e+00+0.j,  0.00000000e+00+0.j,
           1.00000000e+00+0.j]],

        [[ 1.00000000e+00+0.j,  0.00000000e+00+0.j,
           0.00000000e+00+0.j],
         [ 0.00000000e+00+0.j,  1.00000000e+00+0.j,
           0.00000000e+00+0.j],
         [ 0.00000000e+00+0.j,  0.00000000e+00+0.j,
           1.00000000e+00+0.j]]]])) 

Velocity (m/s): 2473.684210526316
Eigenvalues : (array([[[-1.00410592+0.j, -1.08242567+0.j, -1.00023499+0.j],
        [-0.99998199+0.j, -1.00000065+0.j, -1.48413628+0.j]],

       [[ 1.        +0.j,  1.        +0.j,  1.        +0.j],
        [ 0.        +0.j,  0.        +0.j,  0.        +0.j]]]), array([[[[ 9.99999999e-01+0.j, -6.42957227e-08+0.j,
           1.36882360e-04-0.j],
         [-3.39703457e-05+0.j, -1.78802892e-07+0.j,
           9.99999991e-01+0.j],
         [ 3.60883180e-05-0.j,  1.00000000e+00+0.j,
           4.29412112e-06-0.j]],

        [[ 2.91143510e-04+0.j, -3.71986392e-03+0.j,
          -2.32082734e-03+0.j],
         [ 4.00358302e-08+0.j, -4.66736957e-07+0.j,
           9.99990955e-01+0.j],
         [ 9.99999958e-01+0.j,  9.99993081e-01+0.j,
          -3.56433604e-03+0.j]]],


       [[[ 1.00000000e+00+0.j,  0.00000000e+00+0.j,
           0.00000000e+00+0.j],
         [ 0.00000000e+00+0.j,  1.00000000e+00+0.j,
           0.00000000e+00+0.j],
         [ 0.00000000e+00+0.j,  0.00000000e+00+0.j,
           1.00000000e+00+0.j]],

        [[ 1.00000000e+00+0.j,  0.00000000e+00+0.j,
           0.00000000e+00+0.j],
         [ 0.00000000e+00+0.j,  1.00000000e+00+0.j,
           0.00000000e+00+0.j],
         [ 0.00000000e+00+0.j,  0.00000000e+00+0.j,
           1.00000000e+00+0.j]]]])) 

Velocity (m/s): 2726.315789473684
Eigenvalues : (array([[[-1.0045253 +0.j, -1.09084531+0.j, -1.00025898+0.j],
        [-0.99998172+0.j, -1.00000089+0.j, -1.58807324+0.j]],

       [[ 1.        +0.j,  1.        +0.j,  1.        +0.j],
        [ 0.        +0.j,  0.        +0.j,  0.        +0.j]]]), array([[[[ 9.99999999e-01+0.j, -5.83366188e-08+0.j,
           1.35531664e-04-0.j],
         [-3.26213587e-05+0.j, -1.77024221e-07+0.j,
           9.99999991e-01+0.j],
         [ 3.60816790e-05-0.j,  1.00000000e+00+0.j,
           4.29223892e-06-0.j]],

        [[ 2.87193516e-04+0.j, -3.10453628e-03+0.j,
          -2.32080729e-03+0.j],
         [ 3.89562721e-08+0.j, -3.89503922e-07+0.j,
           9.99990955e-01+0.j],
         [ 9.99999959e-01+0.j,  9.99995181e-01+0.j,
          -3.56435740e-03+0.j]]],


       [[[ 1.00000000e+00+0.j,  0.00000000e+00+0.j,
           0.00000000e+00+0.j],
         [ 0.00000000e+00+0.j,  1.00000000e+00+0.j,
           0.00000000e+00+0.j],
         [ 0.00000000e+00+0.j,  0.00000000e+00+0.j,
           1.00000000e+00+0.j]],

        [[ 1.00000000e+00+0.j,  0.00000000e+00+0.j,
           0.00000000e+00+0.j],
         [ 0.00000000e+00+0.j,  1.00000000e+00+0.j,
           0.00000000e+00+0.j],
         [ 0.00000000e+00+0.j,  0.00000000e+00+0.j,
           1.00000000e+00+0.j]]]])) 

Velocity (m/s): 2978.9473684210525
Eigenvalues : (array([[[-1.00494469+0.j, -1.09926495+0.j, -1.00028298+0.j],
        [-0.99998143+0.j, -1.00000114+0.j, -1.70210935+0.j]],

       [[ 1.        +0.j,  1.        +0.j,  1.        +0.j],
        [ 0.        +0.j,  0.        +0.j,  0.        +0.j]]]), array([[[[ 9.99999999e-01+0.j, -5.33884184e-08+0.j,
           1.34410091e-04-0.j],
         [-3.15012049e-05+0.j, -1.75547277e-07+0.j,
           9.99999991e-01+0.j],
         [ 3.60761662e-05-0.j,  1.00000000e+00+0.j,
           4.29067601e-06-0.j]],

        [[ 2.83099794e-04-0.j, -2.63790487e-03+0.j,
          -2.32079213e-03+0.j],
         [ 3.80000209e-08-0.j, -3.30950456e-07+0.j,
           9.99990955e-01+0.j],
         [ 9.99999960e-01+0.j,  9.99996521e-01+0.j,
          -3.56437356e-03+0.j]]],


       [[[ 1.00000000e+00+0.j,  0.00000000e+00+0.j,
           0.00000000e+00+0.j],
         [ 0.00000000e+00+0.j,  1.00000000e+00+0.j,
           0.00000000e+00+0.j],
         [ 0.00000000e+00+0.j,  0.00000000e+00+0.j,
           1.00000000e+00+0.j]],

        [[ 1.00000000e+00+0.j,  0.00000000e+00+0.j,
           0.00000000e+00+0.j],
         [ 0.00000000e+00+0.j,  1.00000000e+00+0.j,
           0.00000000e+00+0.j],
         [ 0.00000000e+00+0.j,  0.00000000e+00+0.j,
           1.00000000e+00+0.j]]]])) 

Velocity (m/s): 3231.578947368421
Eigenvalues : (array([[[-1.00536407+0.j, -1.10768459+0.j, -1.00030697+0.j],
        [-0.99998113+0.j, -1.00000141+0.j, -1.8262446 +0.j]],

       [[ 1.        +0.j,  1.        +0.j,  1.        +0.j],
        [ 0.        +0.j,  0.        +0.j,  0.        +0.j]]]), array([[[[ 9.99999999e-01+0.j, -4.92139996e-08+0.j,
           1.33463900e-04-0.j],
         [-3.05562103e-05+0.j, -1.74301292e-07+0.j,
           9.99999991e-01+0.j],
         [ 3.60715155e-05-0.j,  1.00000000e+00+0.j,
           4.28935752e-06-0.j]],

        [[ 2.78900093e-04+0.j, -2.27534132e-03+0.j,
          -2.32078038e-03+0.j],
         [ 3.71293936e-08+0.j, -2.85464680e-07+0.j,
           9.99990955e-01+0.j],
         [ 9.99999961e-01+0.j,  9.99997411e-01+0.j,
          -3.56438609e-03+0.j]]],


       [[[ 1.00000000e+00+0.j,  0.00000000e+00+0.j,
           0.00000000e+00+0.j],
         [ 0.00000000e+00+0.j,  1.00000000e+00+0.j,
           0.00000000e+00+0.j],
         [ 0.00000000e+00+0.j,  0.00000000e+00+0.j,
           1.00000000e+00+0.j]],

        [[ 1.00000000e+00+0.j,  0.00000000e+00+0.j,
           0.00000000e+00+0.j],
         [ 0.00000000e+00+0.j,  1.00000000e+00+0.j,
           0.00000000e+00+0.j],
         [ 0.00000000e+00+0.j,  0.00000000e+00+0.j,
           1.00000000e+00+0.j]]]])) 

Velocity (m/s): 3484.210526315789
Eigenvalues : (array([[[-1.00578346+0.j, -1.11610423+0.j, -1.00033097+0.j],
        [-0.99998081+0.j, -1.00000169+0.j, -1.96047898+0.j]],

       [[ 1.        +0.j,  1.        +0.j,  1.        +0.j],
        [ 0.        +0.j,  0.        +0.j,  0.        +0.j]]]), array([[[[ 9.99999999e-01+0.j, -4.56450228e-08+0.j,
           1.32654935e-04-0.j],
         [-2.97482694e-05+0.j, -1.73236019e-07+0.j,
           9.99999991e-01+0.j],
         [ 3.60675392e-05-0.j,  1.00000000e+00+0.j,
           4.28823026e-06-0.j]],

        [[ 2.74628232e-04+0.j, -1.98779280e-03+0.j,
          -2.32077109e-03+0.j],
         [ 3.63210180e-08+0.j, -2.49395373e-07+0.j,
           9.99990955e-01+0.j],
         [ 9.99999962e-01+0.j,  9.99998024e-01+0.j,
          -3.56439599e-03+0.j]]],


       [[[ 1.00000000e+00+0.j,  0.00000000e+00+0.j,
           0.00000000e+00+0.j],
         [ 0.00000000e+00+0.j,  1.00000000e+00+0.j,
           0.00000000e+00+0.j],
         [ 0.00000000e+00+0.j,  0.00000000e+00+0.j,
           1.00000000e+00+0.j]],

        [[ 1.00000000e+00+0.j,  0.00000000e+00+0.j,
           0.00000000e+00+0.j],
         [ 0.00000000e+00+0.j,  1.00000000e+00+0.j,
           0.00000000e+00+0.j],
         [ 0.00000000e+00+0.j,  0.00000000e+00+0.j,
           1.00000000e+00+0.j]]]])) 

Velocity (m/s): 3736.842105263158
Eigenvalues : (array([[[-1.00620284+0.j, -1.12452387+0.j, -1.00035496+0.j],
        [-0.99998047+0.j, -1.00000199+0.j, -2.10481251+0.j]],

       [[ 1.        +0.j,  1.        +0.j,  1.        +0.j],
        [ 0.        +0.j,  0.        +0.j,  0.        +0.j]]]), array([[[[ 9.99999999e-01+0.j, -4.25586775e-08+0.j,
           1.31955364e-04-0.j],
         [-2.90495826e-05+0.j, -1.72314808e-07+0.j,
           9.99999991e-01+0.j],
         [ 3.60641007e-05-0.j,  1.00000000e+00+0.j,
           4.28725545e-06-0.j]],

        [[ 2.70313916e-04-0.j, -1.75568828e-03+0.j,
          -2.32076362e-03+0.j],
         [ 3.55600136e-08-0.j, -2.20284041e-07+0.j,
           9.99990954e-01+0.j],
         [ 9.99999963e-01+0.j,  9.99998459e-01+0.j,
          -3.56440395e-03+0.j]]],


       [[[ 1.00000000e+00+0.j,  0.00000000e+00+0.j,
           0.00000000e+00+0.j],
         [ 0.00000000e+00+0.j,  1.00000000e+00+0.j,
           0.00000000e+00+0.j],
         [ 0.00000000e+00+0.j,  0.00000000e+00+0.j,
           1.00000000e+00+0.j]],

        [[ 1.00000000e+00+0.j,  0.00000000e+00+0.j,
           0.00000000e+00+0.j],
         [ 0.00000000e+00+0.j,  1.00000000e+00+0.j,
           0.00000000e+00+0.j],
         [ 0.00000000e+00+0.j,  0.00000000e+00+0.j,
           1.00000000e+00+0.j]]]])) 

Velocity (m/s): 3989.4736842105262
Eigenvalues : (array([[[-1.00662223+0.j, -1.13294352+0.j, -1.00037895+0.j],
        [-0.99998012+0.j, -1.00000229+0.j, -2.25924517+0.j]],

       [[ 1.        +0.j,  1.        +0.j,  1.        +0.j],
        [ 0.        +0.j,  0.        +0.j,  0.        +0.j]]]), array([[[[ 9.99999999e-01+0.j, -3.98632647e-08+0.j,
           1.31344400e-04-0.j],
         [-2.84393924e-05+0.j, -1.71510277e-07+0.j,
           9.99999991e-01+0.j],
         [ 3.60610978e-05-0.j,  1.00000000e+00+0.j,
           4.28640412e-06-0.j]],

        [[ 2.65982899e-04+0.j, -1.56545482e-03+0.j,
          -2.32075752e-03+0.j],
         [ 3.48367091e-08+0.j, -1.96426262e-07+0.j,
           9.99990954e-01+0.j],
         [ 9.99999965e-01+0.j,  9.99998775e-01+0.j,
          -3.56441044e-03+0.j]]],


       [[[ 1.00000000e+00+0.j,  0.00000000e+00+0.j,
           0.00000000e+00+0.j],
         [ 0.00000000e+00+0.j,  1.00000000e+00+0.j,
           0.00000000e+00+0.j],
         [ 0.00000000e+00+0.j,  0.00000000e+00+0.j,
           1.00000000e+00+0.j]],

        [[ 1.00000000e+00+0.j,  0.00000000e+00+0.j,
           0.00000000e+00+0.j],
         [ 0.00000000e+00+0.j,  1.00000000e+00+0.j,
           0.00000000e+00+0.j],
         [ 0.00000000e+00+0.j,  0.00000000e+00+0.j,
           1.00000000e+00+0.j]]]])) 

Velocity (m/s): 4242.105263157895
Eigenvalues : (array([[[-1.00704161+0.j, -1.14136316+0.j, -1.00040295+0.j],
        [-0.99997976+0.j, -1.0000026 +0.j, -2.42377697+0.j]],

       [[ 1.        +0.j,  1.        +0.j,  1.        +0.j],
        [ 0.        +0.j,  0.        +0.j,  0.        +0.j]]]), array([[[[ 9.99999999e-01+0.j, -3.74889321e-08+0.j,
           1.30806214e-04-0.j],
         [-2.79018866e-05+0.j, -1.70801582e-07+0.j,
           9.99999991e-01+0.j],
         [ 3.60584525e-05-0.j,  1.00000000e+00+0.j,
           4.28565420e-06-0.j]],

        [[ 2.61657267e-04+0.j, -1.40744018e-03+0.j,
          -2.32075249e-03+0.j],
         [ 3.41446973e-08+0.j, -1.76610303e-07+0.j,
           9.99990954e-01+0.j],
         [ 9.99999966e-01+0.j,  9.99999010e-01+0.j,
          -3.56441581e-03+0.j]]],


       [[[ 1.00000000e+00+0.j,  0.00000000e+00+0.j,
           0.00000000e+00+0.j],
         [ 0.00000000e+00+0.j,  1.00000000e+00+0.j,
           0.00000000e+00+0.j],
         [ 0.00000000e+00+0.j,  0.00000000e+00+0.j,
           1.00000000e+00+0.j]],

        [[ 1.00000000e+00+0.j,  0.00000000e+00+0.j,
           0.00000000e+00+0.j],
         [ 0.00000000e+00+0.j,  1.00000000e+00+0.j,
           0.00000000e+00+0.j],
         [ 0.00000000e+00+0.j,  0.00000000e+00+0.j,
           1.00000000e+00+0.j]]]])) 

Velocity (m/s): 4494.736842105263
Eigenvalues : (array([[[-1.00746099+0.j, -1.1497828 +0.j, -1.00042694+0.j],
        [-0.99997939+0.j, -1.00000292+0.j, -2.59840791+0.j]],

       [[ 1.        +0.j,  1.        +0.j,  1.        +0.j],
        [ 0.        +0.j,  0.        +0.j,  0.        +0.j]]]), array([[[[ 9.99999999e-01+0.j, -3.53815337e-08+0.j,
           1.30328531e-04-0.j],
         [-2.74248082e-05+0.j, -1.70172566e-07+0.j,
           9.99999991e-01+0.j],
         [ 3.60561047e-05-0.j,  1.00000000e+00+0.j,
           4.28498860e-06-0.j]],

        [[ 2.57355558e-04+0.j, -1.27462841e-03+0.j,
          -2.32074827e-03+0.j],
         [ 3.34796330e-08+0.j, -1.59955595e-07+0.j,
           9.99990954e-01+0.j],
         [ 9.99999967e-01+0.j,  9.99999188e-01+0.j,
          -3.56442030e-03+0.j]]],


       [[[ 1.00000000e+00+0.j,  0.00000000e+00+0.j,
           0.00000000e+00+0.j],
         [ 0.00000000e+00+0.j,  1.00000000e+00+0.j,
           0.00000000e+00+0.j],
         [ 0.00000000e+00+0.j,  0.00000000e+00+0.j,
           1.00000000e+00+0.j]],

        [[ 1.00000000e+00+0.j,  0.00000000e+00+0.j,
           0.00000000e+00+0.j],
         [ 0.00000000e+00+0.j,  1.00000000e+00+0.j,
           0.00000000e+00+0.j],
         [ 0.00000000e+00+0.j,  0.00000000e+00+0.j,
           1.00000000e+00+0.j]]]])) 

Velocity (m/s): 4747.368421052632
Eigenvalues : (array([[[-1.00788038+0.j, -1.15820244+0.j, -1.00045094+0.j],
        [-0.99997901+0.j, -1.00000325+0.j, -2.78313799+0.j]],

       [[ 1.        +0.j,  1.        +0.j,  1.        +0.j],
        [ 0.        +0.j,  0.        +0.j,  0.        +0.j]]]), array([[[[ 9.99999999e-01+0.j, -3.34984499e-08+0.j,
           1.29901692e-04-0.j],
         [-2.69985095e-05+0.j, -1.69610499e-07+0.j,
           9.99999992e-01+0.j],
         [ 3.60540067e-05-0.j,  1.00000000e+00+0.j,
           4.28439383e-06-0.j]],

        [[ 2.53093335e-04+0.j, -1.16182094e-03+0.j,
          -2.32074471e-03+0.j],
         [ 3.28385244e-08+0.j, -1.45809797e-07+0.j,
           9.99990954e-01+0.j],
         [ 9.99999968e-01+0.j,  9.99999325e-01+0.j,
          -3.56442410e-03+0.j]]],


       [[[ 1.00000000e+00+0.j,  0.00000000e+00+0.j,
           0.00000000e+00+0.j],
         [ 0.00000000e+00+0.j,  1.00000000e+00+0.j,
           0.00000000e+00+0.j],
         [ 0.00000000e+00+0.j,  0.00000000e+00+0.j,
           1.00000000e+00+0.j]],

        [[ 1.00000000e+00+0.j,  0.00000000e+00+0.j,
           0.00000000e+00+0.j],
         [ 0.00000000e+00+0.j,  1.00000000e+00+0.j,
           0.00000000e+00+0.j],
         [ 0.00000000e+00+0.j,  0.00000000e+00+0.j,
           1.00000000e+00+0.j]]]])) 

Velocity (m/s): 5000.0
Eigenvalues : (array([[[-1.00829976+0.j, -1.16662208+0.j, -1.00047493+0.j],
        [-0.99997861+0.j, -1.00000359+0.j, -2.97796721+0.j]],

       [[ 1.        +0.j,  1.        +0.j,  1.        +0.j],
        [ 0.        +0.j,  0.        +0.j,  0.        +0.j]]]), array([[[[ 9.99999999e-01+0.j, -3.18056760e-08+0.j,
           1.29517990e-04-0.j],
         [-2.66152928e-05+0.j, -1.69105239e-07+0.j,
           9.99999992e-01+0.j],
         [ 3.60521208e-05-0.j,  1.00000000e+00+0.j,
           4.28385919e-06-0.j]],

        [[ 2.48883258e-04+0.j, -1.06509930e-03+0.j,
          -2.32074168e-03+0.j],
         [ 3.22192346e-08+0.j, -1.33681278e-07+0.j,
           9.99990954e-01+0.j],
         [ 9.99999969e-01+0.j,  9.99999433e-01+0.j,
          -3.56442733e-03+0.j]]],


       [[[ 1.00000000e+00+0.j,  0.00000000e+00+0.j,
           0.00000000e+00+0.j],
         [ 0.00000000e+00+0.j,  1.00000000e+00+0.j,
           0.00000000e+00+0.j],
         [ 0.00000000e+00+0.j,  0.00000000e+00+0.j,
           1.00000000e+00+0.j]],

        [[ 1.00000000e+00+0.j,  0.00000000e+00+0.j,
           0.00000000e+00+0.j],
         [ 0.00000000e+00+0.j,  1.00000000e+00+0.j,
           0.00000000e+00+0.j],
         [ 0.00000000e+00+0.j,  0.00000000e+00+0.j,
           1.00000000e+00+0.j]]]])) 

Altitude (m): 1020.0
Velocity (m/s): 200.0
Eigenvalues : (array([[[-1.00029432+0.j, -1.00590399+0.j, -1.00001691+0.j],
        [-0.99999952+0.j, -0.9999852 +0.j, -1.00281023+0.j]],

       [[ 1.        +0.j,  1.        +0.j,  1.        +0.j],
        [ 0.        +0.j,  0.        +0.j,  0.        +0.j]]]), array([[[[ 9.99999975e-01+0.j, -8.94021960e-07+0.j,
           3.25627705e-04-0.j],
         [-2.22511257e-04+0.j, -4.27202828e-07+0.j,
           9.99999947e-01+0.j],
         [ 3.68543654e-05-0.j,  1.00000000e+00+0.j,
           4.55918696e-06-0.j]],

        [[-4.69530980e-01+0.j,  3.50787065e-04-0.j,
          -2.34019212e-03+0.j],
         [-6.81712780e-05+0.j,  6.08076930e-07-0.j,
           9.99990965e-01+0.j],
         [ 8.82915995e-01+0.j,  9.99999938e-01+0.j,
          -3.54861474e-03+0.j]]],


       [[[ 1.00000000e+00+0.j,  0.00000000e+00+0.j,
           0.00000000e+00+0.j],
         [ 0.00000000e+00+0.j,  1.00000000e+00+0.j,
           0.00000000e+00+0.j],
         [ 0.00000000e+00+0.j,  0.00000000e+00+0.j,
           1.00000000e+00+0.j]],

        [[ 1.00000000e+00+0.j,  0.00000000e+00+0.j,
           0.00000000e+00+0.j],
         [ 0.00000000e+00+0.j,  1.00000000e+00+0.j,
           0.00000000e+00+0.j],
         [ 0.00000000e+00+0.j,  0.00000000e+00+0.j,
           1.00000000e+00+0.j]]]])) 

Velocity (m/s): 452.63157894736844
Eigenvalues : (array([[[-1.00066672+0.j, -1.01338035+0.j, -1.00003822+0.j],
        [-0.99999955+0.j, -0.99998516+0.j, -1.01439348+0.j]],

       [[ 1.        +0.j,  1.        +0.j,  1.        +0.j],
        [ 0.        +0.j,  0.        +0.j,  0.        +0.j]]]), array([[[[ 9.99999993e-01+0.j, -3.94471874e-07+0.j,
           2.12046343e-04-0.j],
         [-1.09057418e-04+0.j, -2.77626049e-07+0.j,
           9.99999978e-01+0.j],
         [ 3.63042811e-05-0.j,  1.00000000e+00+0.j,
           4.40129488e-06-0.j]],

        [[-1.03541638e-01+0.j,  3.49921045e-04-0.j,
          -2.32442548e-03+0.j],
         [-1.33656052e-05+0.j,  1.54709247e-07-0.j,
           9.99990950e-01+0.j],
         [ 9.94625120e-01+0.j,  9.99999939e-01+0.j,
          -3.56338681e-03+0.j]]],


       [[[ 1.00000000e+00+0.j,  0.00000000e+00+0.j,
           0.00000000e+00+0.j],
         [ 0.00000000e+00+0.j,  1.00000000e+00+0.j,
           0.00000000e+00+0.j],
         [ 0.00000000e+00+0.j,  0.00000000e+00+0.j,
           1.00000000e+00+0.j]],

        [[ 1.00000000e+00+0.j,  0.00000000e+00+0.j,
           0.00000000e+00+0.j],
         [ 0.00000000e+00+0.j,  1.00000000e+00+0.j,
           0.00000000e+00+0.j],
         [ 0.00000000e+00+0.j,  0.00000000e+00+0.j,
           1.00000000e+00+0.j]]]])) 

Velocity (m/s): 705.2631578947369
Eigenvalues : (array([[[-1.00103912+0.j, -1.02085671+0.j, -1.00005953+0.j],
        [-0.99999961+0.j, -0.99998509+0.j, -1.03494441+0.j]],

       [[ 1.        +0.j,  1.        +0.j,  1.        +0.j],
        [ 0.        +0.j,  0.        +0.j,  0.        +0.j]]]), array([[[[ 9.99999996e-01+0.j, -2.53066336e-07+0.j,
           1.79881478e-04-0.j],
         [-7.69286677e-05+0.j, -2.35284282e-07+0.j,
           9.99999984e-01+0.j],
         [ 3.61485647e-05-0.j,  1.00000000e+00+0.j,
           4.35662143e-06-0.j]],

        [[-4.30261786e-02+0.j,  3.48407428e-04-0.j,
          -2.32217552e-03+0.j],
         [-5.45529625e-06+0.j,  8.95340881e-08-0.j,
           9.99990947e-01+0.j],
         [ 9.99073945e-01+0.j,  9.99999939e-01+0.j,
          -3.56550470e-03+0.j]]],


       [[[ 1.00000000e+00+0.j,  0.00000000e+00+0.j,
           0.00000000e+00+0.j],
         [ 0.00000000e+00+0.j,  1.00000000e+00+0.j,
           0.00000000e+00+0.j],
         [ 0.00000000e+00+0.j,  0.00000000e+00+0.j,
           1.00000000e+00+0.j]],

        [[ 1.00000000e+00+0.j,  0.00000000e+00+0.j,
           0.00000000e+00+0.j],
         [ 0.00000000e+00+0.j,  1.00000000e+00+0.j,
           0.00000000e+00+0.j],
         [ 0.00000000e+00+0.j,  0.00000000e+00+0.j,
           1.00000000e+00+0.j]]]])) 

Velocity (m/s): 957.8947368421052
Eigenvalues : (array([[[-1.00141152+0.j, -1.02833306+0.j, -1.00008083+0.j],
        [-0.999985  +0.j, -0.9999997 +0.j, -1.06446301+0.j]],

       [[ 1.        +0.j,  1.        +0.j,  1.        +0.j],
        [ 0.        +0.j,  0.        +0.j,  0.        +0.j]]]), array([[[[ 9.99999997e-01+0.j, -1.86287904e-07+0.j,
           1.64689569e-04-0.j],
         [-6.17538156e-05+0.j, -2.15288185e-07+0.j,
           9.99999986e-01+0.j],
         [ 3.60750270e-05-0.j,  1.00000000e+00+0.j,
           4.33552758e-06-0.j]],

        [[ 3.46280378e-04+0.j, -2.34825240e-02+0.j,
          -2.32145391e-03+0.j],
         [ 6.84076275e-08+0.j, -2.96019027e-06+0.j,
           9.99990947e-01+0.j],
         [ 9.99999940e-01+0.j,  9.99724248e-01+0.j,
          -3.56618448e-03+0.j]]],


       [[[ 1.00000000e+00+0.j,  0.00000000e+00+0.j,
           0.00000000e+00+0.j],
         [ 0.00000000e+00+0.j,  1.00000000e+00+0.j,
           0.00000000e+00+0.j],
         [ 0.00000000e+00+0.j,  0.00000000e+00+0.j,
           1.00000000e+00+0.j]],

        [[ 1.00000000e+00+0.j,  0.00000000e+00+0.j,
           0.00000000e+00+0.j],
         [ 0.00000000e+00+0.j,  1.00000000e+00+0.j,
           0.00000000e+00+0.j],
         [ 0.00000000e+00+0.j,  0.00000000e+00+0.j,
           1.00000000e+00+0.j]]]])) 

Velocity (m/s): 1210.5263157894738
Eigenvalues : (array([[[-1.00178392+0.j, -1.03580942+0.j, -1.00010214+0.j],
        [-0.99998487+0.j, -0.99999982+0.j, -1.10294929+0.j]],

       [[ 1.        +0.j,  1.        +0.j,  1.        +0.j],
        [ 0.        +0.j,  0.        +0.j,  0.        +0.j]]]), array([[[[ 9.99999998e-01+0.j, -1.47393909e-07+0.j,
           1.55840662e-04-0.j],
         [-5.29148450e-05+0.j, -2.03641711e-07+0.j,
           9.99999988e-01+0.j],
         [ 3.60321960e-05-0.j,  1.00000000e+00+0.j,
           4.32324275e-06-0.j]],

        [[ 3.43586463e-04+0.j, -1.48216694e-02+0.j,
          -2.32113455e-03+0.j],
         [ 5.88343114e-08+0.j, -1.86369290e-06+0.j,
           9.99990946e-01+0.j],
         [ 9.99999941e-01+0.j,  9.99890153e-01+0.j,
          -3.56648540e-03+0.j]]],


       [[[ 1.00000000e+00+0.j,  0.00000000e+00+0.j,
           0.00000000e+00+0.j],
         [ 0.00000000e+00+0.j,  1.00000000e+00+0.j,
           0.00000000e+00+0.j],
         [ 0.00000000e+00+0.j,  0.00000000e+00+0.j,
           1.00000000e+00+0.j]],

        [[ 1.00000000e+00+0.j,  0.00000000e+00+0.j,
           0.00000000e+00+0.j],
         [ 0.00000000e+00+0.j,  1.00000000e+00+0.j,
           0.00000000e+00+0.j],
         [ 0.00000000e+00+0.j,  0.00000000e+00+0.j,
           1.00000000e+00+0.j]]]])) 

Velocity (m/s): 1463.157894736842
Eigenvalues : (array([[[-1.00215632+0.j, -1.04328578+0.j, -1.00012344+0.j],
        [-0.99998472+0.j, -0.99999995+0.j, -1.15040324+0.j]],

       [[ 1.        +0.j,  1.        +0.j,  1.        +0.j],
        [ 0.        +0.j,  0.        +0.j,  0.        +0.j]]]), array([[[[ 9.99999998e-01+0.j, -1.21935597e-07+0.j,
           1.50048304e-04-0.j],
         [-4.71289901e-05+0.j, -1.96018419e-07+0.j,
           9.99999989e-01+0.j],
         [ 3.60041605e-05-0.j,  1.00000000e+00+0.j,
           4.31520201e-06-0.j]],

        [[ 3.40381220e-04+0.j, -1.02413994e-02+0.j,
          -2.32096578e-03+0.j],
         [ 5.35496305e-08+0.j, -1.28609732e-06+0.j,
           9.99990946e-01+0.j],
         [ 9.99999942e-01+0.j,  9.99947555e-01+0.j,
          -3.56664445e-03+0.j]]],


       [[[ 1.00000000e+00+0.j,  0.00000000e+00+0.j,
           0.00000000e+00+0.j],
         [ 0.00000000e+00+0.j,  1.00000000e+00+0.j,
           0.00000000e+00+0.j],
         [ 0.00000000e+00+0.j,  0.00000000e+00+0.j,
           1.00000000e+00+0.j]],

        [[ 1.00000000e+00+0.j,  0.00000000e+00+0.j,
           0.00000000e+00+0.j],
         [ 0.00000000e+00+0.j,  1.00000000e+00+0.j,
           0.00000000e+00+0.j],
         [ 0.00000000e+00+0.j,  0.00000000e+00+0.j,
           1.00000000e+00+0.j]]]])) 

Velocity (m/s): 1715.7894736842104
Eigenvalues : (array([[[-1.00252872+0.j, -1.05076213+0.j, -1.00014475+0.j],
        [-0.99998454+0.j, -1.00000011+0.j, -1.20682487+0.j]],

       [[ 1.        +0.j,  1.        +0.j,  1.        +0.j],
        [ 0.        +0.j,  0.        +0.j,  0.        +0.j]]]), array([[[[ 9.99999998e-01+0.j, -1.03976431e-07+0.j,
           1.45962056e-04-0.j],
         [-4.30473306e-05+0.j, -1.90640667e-07+0.j,
           9.99999989e-01+0.j],
         [ 3.59843832e-05-0.j,  1.00000000e+00+0.j,
           4.30952998e-06-0.j]],

        [[ 3.36725889e-04+0.j, -7.52859110e-03+0.j,
          -2.32086590e-03+0.j],
         [ 5.01998989e-08+0.j, -9.44741803e-07+0.j,
           9.99990946e-01+0.j],
         [ 9.99999943e-01+0.j,  9.99971660e-01+0.j,
          -3.56673859e-03+0.j]]],


       [[[ 1.00000000e+00+0.j,  0.00000000e+00+0.j,
           0.00000000e+00+0.j],
         [ 0.00000000e+00+0.j,  1.00000000e+00+0.j,
           0.00000000e+00+0.j],
         [ 0.00000000e+00+0.j,  0.00000000e+00+0.j,
           1.00000000e+00+0.j]],

        [[ 1.00000000e+00+0.j,  0.00000000e+00+0.j,
           0.00000000e+00+0.j],
         [ 0.00000000e+00+0.j,  1.00000000e+00+0.j,
           0.00000000e+00+0.j],
         [ 0.00000000e+00+0.j,  0.00000000e+00+0.j,
           1.00000000e+00+0.j]]]])) 

Velocity (m/s): 1968.421052631579
Eigenvalues : (array([[[-1.00290112+0.j, -1.05823849+0.j, -1.00016606+0.j],
        [-0.99998434+0.j, -1.0000003 +0.j, -1.27221418+0.j]],

       [[ 1.        +0.j,  1.        +0.j,  1.        +0.j],
        [ 0.        +0.j,  0.        +0.j,  0.        +0.j]]]), array([[[[ 9.99999999e-01+0.j, -9.06282947e-08+0.j,
           1.42924892e-04-0.j],
         [-4.00135762e-05+0.j, -1.86643645e-07+0.j,
           9.99999990e-01+0.j],
         [ 3.59696838e-05-0.j,  1.00000000e+00+0.j,
           4.30531432e-06-0.j]],

        [[ 3.32684218e-04+0.j, -5.78968916e-03+0.j,
          -2.32080194e-03+0.j],
         [ 4.78401940e-08+0.j, -7.26223743e-07+0.j,
           9.99990946e-01+0.j],
         [ 9.99999945e-01+0.j,  9.99983240e-01+0.j,
          -3.56679887e-03+0.j]]],


       [[[ 1.00000000e+00+0.j,  0.00000000e+00+0.j,
           0.00000000e+00+0.j],
         [ 0.00000000e+00+0.j,  1.00000000e+00+0.j,
           0.00000000e+00+0.j],
         [ 0.00000000e+00+0.j,  0.00000000e+00+0.j,
           1.00000000e+00+0.j]],

        [[ 1.00000000e+00+0.j,  0.00000000e+00+0.j,
           0.00000000e+00+0.j],
         [ 0.00000000e+00+0.j,  1.00000000e+00+0.j,
           0.00000000e+00+0.j],
         [ 0.00000000e+00+0.j,  0.00000000e+00+0.j,
           1.00000000e+00+0.j]]]])) 

Velocity (m/s): 2221.0526315789475
Eigenvalues : (array([[[-1.00327352+0.j, -1.06571485+0.j, -1.00018736+0.j],
        [-0.99998412+0.j, -1.0000005 +0.j, -1.34657117+0.j]],

       [[ 1.        +0.j,  1.        +0.j,  1.        +0.j],
        [ 0.        +0.j,  0.        +0.j,  0.        +0.j]]]), array([[[[ 9.99999999e-01+0.j, -8.03173957e-08+0.j,
           1.40578767e-04-0.j],
         [-3.76700856e-05+0.j, -1.83556100e-07+0.j,
           9.99999990e-01+0.j],
         [ 3.59583290e-05-0.j,  1.00000000e+00+0.j,
           4.30205795e-06-0.j]],

        [[ 3.28320128e-04+0.j, -4.60798571e-03+0.j,
          -2.32075854e-03+0.j],
         [ 4.60342008e-08+0.j, -5.77853973e-07+0.j,
           9.99990946e-01+0.j],
         [ 9.99999946e-01+0.j,  9.99989383e-01+0.j,
          -3.56683978e-03+0.j]]],


       [[[ 1.00000000e+00+0.j,  0.00000000e+00+0.j,
           0.00000000e+00+0.j],
         [ 0.00000000e+00+0.j,  1.00000000e+00+0.j,
           0.00000000e+00+0.j],
         [ 0.00000000e+00+0.j,  0.00000000e+00+0.j,
           1.00000000e+00+0.j]],

        [[ 1.00000000e+00+0.j,  0.00000000e+00+0.j,
           0.00000000e+00+0.j],
         [ 0.00000000e+00+0.j,  1.00000000e+00+0.j,
           0.00000000e+00+0.j],
         [ 0.00000000e+00+0.j,  0.00000000e+00+0.j,
           1.00000000e+00+0.j]]]])) 

Velocity (m/s): 2473.684210526316
Eigenvalues : (array([[[-1.00364591+0.j, -1.0731912 +0.j, -1.00020867+0.j],
        [-0.99998388+0.j, -1.00000071+0.j, -1.42989583+0.j]],

       [[ 1.        +0.j,  1.        +0.j,  1.        +0.j],
        [ 0.        +0.j,  0.        +0.j,  0.        +0.j]]]), array([[[[ 9.99999999e-01+0.j, -7.21129850e-08+0.j,
           1.38711925e-04-0.j],
         [-3.58053405e-05+0.j, -1.81099331e-07+0.j,
           9.99999990e-01+0.j],
         [ 3.59492940e-05-0.j,  1.00000000e+00+0.j,
           4.29946689e-06-0.j]],

        [[ 3.23695032e-04+0.j, -3.76793560e-03+0.j,
          -2.32072774e-03+0.j],
         [ 4.45598020e-08+0.j, -4.72443118e-07+0.j,
           9.99990946e-01+0.j],
         [ 9.99999948e-01+0.j,  9.99992901e-01+0.j,
          -3.56686881e-03+0.j]]],


       [[[ 1.00000000e+00+0.j,  0.00000000e+00+0.j,
           0.00000000e+00+0.j],
         [ 0.00000000e+00+0.j,  1.00000000e+00+0.j,
           0.00000000e+00+0.j],
         [ 0.00000000e+00+0.j,  0.00000000e+00+0.j,
           1.00000000e+00+0.j]],

        [[ 1.00000000e+00+0.j,  0.00000000e+00+0.j,
           0.00000000e+00+0.j],
         [ 0.00000000e+00+0.j,  1.00000000e+00+0.j,
           0.00000000e+00+0.j],
         [ 0.00000000e+00+0.j,  0.00000000e+00+0.j,
           1.00000000e+00+0.j]]]])) 

Velocity (m/s): 2726.315789473684
Eigenvalues : (array([[[-1.00401831+0.j, -1.08066756+0.j, -1.00022997+0.j],
        [-0.99998362+0.j, -1.00000095+0.j, -1.52218816+0.j]],

       [[ 1.        +0.j,  1.        +0.j,  1.        +0.j],
        [ 0.        +0.j,  0.        +0.j,  0.        +0.j]]]), array([[[[ 9.99999999e-01+0.j, -6.54293661e-08+0.j,
